2 5 -.53777337E+03 -.53777337E+03 2.0000
3 5 -.53785000E+03 -.53784785E+03 2.0000
4 5 -.53799682E+03 -.53799682E+03 2.0000
5 5 -.53771446E+03 -.53771446E+03 2.0000
6 5 -.53764849E+03 -.53764849E+03 2.0000
7 5 -.53759441E+03 -.53759441E+03 2.0000
8 5 -.53773548E+03 -.53773548E+03 2.0000
9 5 -.53785983E+03 -.53785983E+03 2.0000
10 5 -.53780267E+03 -.53780267E+03 2.0000
11 5 -.53774894E+03 -.53774894E+03 2.0000
12 5 -.53786899E+03 -.53786899E+03 2.0000
13 5 -.53786711E+03 -.53786711E+03 2.0000
14 5 -.53781330E+03 -.53781330E+03 2.0000
15 5 -.53779419E+03 -.53779419E+03 2.0000
16 5 -.53761220E+03 -.53761220E+03 2.0000
17 5 -.53784952E+03 -.53784952E+03 2.0000
18 5 -.53785698E+03 -.53785698E+03 2.0000
19 5 -.53783414E+03 -.53783414E+03 2.0000
20 5 -.53771449E+03 -.53771449E+03 2.0000
21 5 -.53783634E+03 -.53783634E+03 2.0000
22 5 -.53781519E+03 -.53781519E+03 2.0000
23 5 -.53768681E+03 -.53768681E+03 2.0000
24 5 -.53771073E+03 -.53771073E+03 2.0000
