241 1 -.54124578E+03 -.54124296E+03
242 1 -.54126572E+03 -.54126290E+03
243 1 -.54127862E+03 -.54127580E+03
244 1 -.54128787E+03 -.54128505E+03
245 1 -.54119825E+03 -.54119543E+03
246 1 -.54127132E+03 -.54126850E+03
247 1 -.54151735E+03 -.54151453E+03
248 1 -.54118925E+03 -.54118642E+03
249 1 -.54168005E+03 -.54167722E+03
250 1 -.54127383E+03 -.54127100E+03
251 1 -.54144088E+03 -.54143806E+03
252 1 -.54118713E+03 -.54118431E+03
253 1 -.54144914E+03 -.54144632E+03
254 1 -.54118519E+03 -.54118237E+03
255 1 -.54126985E+03 -.54126702E+03
256 1 -.54116029E+03 -.54115747E+03
257 1 -.54113998E+03 -.54113549E+03
258 1 -.54126220E+03 -.54125938E+03
259 1 -.54152797E+03 -.54152515E+03
260 1 -.54113978E+03 -.54113696E+03
261 1 -.54130554E+03 -.54130272E+03
262 1 -.54140564E+03 -.54140282E+03
263 1 -.54140289E+03 -.54140007E+03
264 1 -.54123135E+03 -.54122852E+03
265 1 -.54103261E+03 -.54102979E+03
266 1 -.54097114E+03 -.54096832E+03
267 1 -.54160100E+03 -.54159817E+03
268 1 -.54146725E+03 -.54146443E+03
269 1 -.54113455E+03 -.54113173E+03
270 1 -.54107617E+03 -.54107335E+03
271 1 -.54114850E+03 -.54114567E+03
272 1 -.54140926E+03 -.54140643E+03
273 1 -.54109147E+03 -.54108865E+03
274 1 -.54099756E+03 -.54099474E+03
275 1 -.54126236E+03 -.54125954E+03
276 1 -.54120002E+03 -.54119720E+03
277 1 -.54115906E+03 -.54115624E+03
278 1 -.54107143E+03 -.54106861E+03
279 1 -.54094779E+03 -.54094497E+03
280 1 -.54110740E+03 -.54110458E+03
281 1 -.54174239E+03 -.54173956E+03
282 1 -.54151614E+03 -.54151332E+03
283 1 -.54153915E+03 -.54153633E+03
284 1 -.54138568E+03 -.54138286E+03
285 1 -.54152827E+03 -.54152545E+03
286 1 -.54162558E+03 -.54162276E+03
287 1 -.54152477E+03 -.54152195E+03
288 1 -.54146246E+03 -.54145963E+03
289 1 -.54151697E+03 -.54151414E+03
290 1 -.54099779E+03 -.54099496E+03
291 1 -.54123234E+03 -.54122952E+03
292 1 -.54083679E+03 -.54083397E+03
293 1 -.54111535E+03 -.54111253E+03
294 1 -.54138625E+03 -.54138343E+03
295 1 -.54091400E+03 -.54091118E+03
296 1 -.54118921E+03 -.54118639E+03
297 1 -.54078427E+03 -.54078145E+03
298 1 -.54130228E+03 -.54129946E+03
299 1 -.54085152E+03 -.54084852E+03
300 1 -.54095685E+03 -.54095236E+03
301 1 -.54081453E+03 -.54081170E+03
302 1 -.54086308E+03 -.54085984E+03
303 1 -.54127824E+03 -.54127542E+03
304 1 -.54117009E+03 -.54116727E+03
305 1 -.54123210E+03 -.54122928E+03
306 1 -.54108909E+03 -.54108627E+03
307 1 -.54085966E+03 -.54085684E+03
308 1 -.54135173E+03 -.54134891E+03
309 1 -.54101251E+03 -.54100969E+03
310 1 -.54122119E+03 -.54121836E+03
311 1 -.54102033E+03 -.54101751E+03
312 1 -.54085741E+03 -.54085458E+03
313 1 -.54088973E+03 -.54088691E+03
314 1 -.54099793E+03 -.54099511E+03
315 1 -.54114600E+03 -.54114151E+03
316 1 -.54099908E+03 -.54099626E+03
317 1 -.54092118E+03 -.54091835E+03
318 1 -.54136304E+03 -.54136022E+03
319 1 -.54071875E+03 -.54071540E+03
320 1 -.54080783E+03 -.54080335E+03
321 1 -.54072854E+03 -.54072572E+03
322 1 -.54128126E+03 -.54127844E+03
323 1 -.54133656E+03 -.54133374E+03
324 1 -.54137553E+03 -.54137271E+03
325 1 -.54133824E+03 -.54133374E+03
326 1 -.54083642E+03 -.54083359E+03
327 1 -.54089730E+03 -.54089281E+03
