2 33 -.53777844E+03 -.53774174E+03 0.0000
3 35 -.53915949E+03 -.53915949E+03 -0.0000
4 33 -.53838683E+03 -.53838289E+03 0.0000
5 35 -.53885819E+03 -.53885819E+03 0.0000
6 37 -.53770190E+03 -.53762595E+03 -0.0000
7 32 -.53812514E+03 -.53812278E+03 -0.0000
8 33 -.53787003E+03 -.53781660E+03 -0.0000
9 34 -.53818686E+03 -.53817374E+03 0.0000
10 34 -.53805774E+03 -.53803410E+03 0.0000
11 28 -.53846235E+03 -.53846205E+03 -0.0000
12 32 -.53792054E+03 -.53783968E+03 -0.0000
13 32 -.53790590E+03 -.53781421E+03 0.0000
14 30 -.53800970E+03 -.53797303E+03 -0.0000
15 36 -.53782601E+03 -.53772839E+03 -0.0000
16 29 -.53831638E+03 -.53831617E+03 -0.0000
17 30 -.53787528E+03 -.53776867E+03 0.0000
18 37 -.53789144E+03 -.53778783E+03 -0.0000
19 32 -.53784359E+03 -.53773115E+03 -0.0000
20 36 -.53815596E+03 -.53815019E+03 -0.0000
21 35 -.53782648E+03 -.53771525E+03 -0.0000
22 34 -.53797197E+03 -.53793144E+03 -0.0000
23 31 -.53813539E+03 -.53813030E+03 0.0000
24 32 -.53771446E+03 -.53760537E+03 0.0000
