81 5 -.54080252E+03 -.54080252E+03 3.0001
82 5 -.54213885E+03 -.54213885E+03 1.0004
83 5 -.54216026E+03 -.54216026E+03 1.0003
84 5 -.54226966E+03 -.54226966E+03 1.0001
85 5 -.54221523E+03 -.54221523E+03 1.0005
86 5 -.54237770E+03 -.54237770E+03 1.0001
87 5 -.54233510E+03 -.54233510E+03 1.0001
88 5 -.54232639E+03 -.54232639E+03 1.0001
89 5 -.54227520E+03 -.54227520E+03 1.0005
90 5 -.54223928E+03 -.54223928E+03 1.0005
91 5 -.54230857E+03 -.54230857E+03 1.0004
92 5 -.54227375E+03 -.54227375E+03 1.0005
93 5 -.54232297E+03 -.54232297E+03 1.0005
94 5 -.54227932E+03 -.54227932E+03 1.0005
95 5 -.54220480E+03 -.54220480E+03 1.0005
96 5 -.54184557E+03 -.54184557E+03 1.0004
97 5 -.54175444E+03 -.54175444E+03 1.0002
98 5 -.54106084E+03 -.54106084E+03 1.0004
99 5 -.54160825E+03 -.54160825E+03 1.0001
100 5 -.54224709E+03 -.54224709E+03 1.0002
101 5 -.54175815E+03 -.54175815E+03 1.0002
102 5 -.54157927E+03 -.54157927E+03 1.0000
103 5 -.54171753E+03 -.54171753E+03 1.0004
104 5 -.54149042E+03 -.54149042E+03 1.0005
105 5 -.54156148E+03 -.54156148E+03 1.0000
106 5 -.54146984E+03 -.54146984E+03 1.0003
107 5 -.54188997E+03 -.54188997E+03 1.0001
108 5 -.54143214E+03 -.54143214E+03 1.0001
109 5 -.54169652E+03 -.54169652E+03 1.0001
110 5 -.54160079E+03 -.54160079E+03 1.0001
111 5 -.54152569E+03 -.54152569E+03 1.0004
112 5 -.54155392E+03 -.54155392E+03 1.0004
113 5 -.54154935E+03 -.54154935E+03 1.0000
114 5 -.54167136E+03 -.54167136E+03 1.0001
115 5 -.54155627E+03 -.54155627E+03 1.0004
116 5 -.54150264E+03 -.54150264E+03 1.0004
117 5 -.54149927E+03 -.54149927E+03 1.0001
118 5 -.54148838E+03 -.54148838E+03 1.0000
119 5 -.54175812E+03 -.54175812E+03 1.0001
120 5 -.54163153E+03 -.54163153E+03 1.0004
121 5 -.54152785E+03 -.54152785E+03 1.0003
122 5 -.54151290E+03 -.54151290E+03 1.0000
123 5 -.54178923E+03 -.54178923E+03 1.0002
124 5 -.54178299E+03 -.54178299E+03 1.0005
125 5 -.54202516E+03 -.54202516E+03 1.0001
126 5 -.54228226E+03 -.54228226E+03 1.0004
127 5 -.54190131E+03 -.54190131E+03 1.0005
128 5 -.54209268E+03 -.54209268E+03 1.0001
129 5 -.54206091E+03 -.54206091E+03 1.0003
130 5 -.54186159E+03 -.54186159E+03 1.0001
131 5 -.54200496E+03 -.54200496E+03 1.0005
132 5 -.54195578E+03 -.54195578E+03 1.0002
133 5 -.54194334E+03 -.54194334E+03 1.0001
134 5 -.54188774E+03 -.54188774E+03 1.0005
135 5 -.54211868E+03 -.54211868E+03 1.0005
136 5 -.54199545E+03 -.54199545E+03 1.0005
137 5 -.54197622E+03 -.54197622E+03 1.0005
138 5 -.54199734E+03 -.54199734E+03 1.0005
139 5 -.54200161E+03 -.54200161E+03 1.0005
140 5 -.54201343E+03 -.54201343E+03 1.0005
141 5 -.54199909E+03 -.54199909E+03 1.0005
142 5 -.54204595E+03 -.54204595E+03 1.0005
143 5 -.54195520E+03 -.54195520E+03 1.0005
144 5 -.54198395E+03 -.54198395E+03 1.0005
145 5 -.54197373E+03 -.54197373E+03 1.0003
146 5 -.54196487E+03 -.54196487E+03 1.0005
147 5 -.54185359E+03 -.54185359E+03 1.0001
148 5 -.54200867E+03 -.54200867E+03 1.0005
149 5 -.54093587E+03 -.54093587E+03 1.0003
150 5 -.54126272E+03 -.54126272E+03 1.0000
151 5 -.54114220E+03 -.54114220E+03 1.0004
152 5 -.54144718E+03 -.54144718E+03 1.0001
153 5 -.54081946E+03 -.54081946E+03 1.0001
154 5 -.54077421E+03 -.54077421E+03 3.0001
155 5 -.54106455E+03 -.54106455E+03 1.0004
156 5 -.54085566E+03 -.54085566E+03 1.0001
157 5 -.54128566E+03 -.54128566E+03 1.0001
158 5 -.54111288E+03 -.54111288E+03 1.0001
159 5 -.54141066E+03 -.54141066E+03 1.0001
160 5 -.54074765E+03 -.54074765E+03 3.0001
