161 1 -.54094789E+03 -.54094506E+03
162 1 -.54065812E+03 -.54065475E+03
163 1 -.54107505E+03 -.54107223E+03
164 1 -.54068286E+03 -.54068004E+03
165 1 -.54070966E+03 -.54070683E+03
166 1 -.54082349E+03 -.54082067E+03
167 1 -.54117064E+03 -.54116782E+03
168 1 -.54056947E+03 -.54056665E+03
169 1 -.54089538E+03 -.54089256E+03
170 1 -.54058039E+03 -.54057757E+03
171 1 -.54136195E+03 -.54135913E+03
172 1 -.54131545E+03 -.54131263E+03
173 1 -.54154076E+03 -.54153793E+03
174 1 -.54122465E+03 -.54122183E+03
175 1 -.54123183E+03 -.54122901E+03
176 1 -.54121722E+03 -.54121440E+03
177 1 -.54112203E+03 -.54111921E+03
178 1 -.54104694E+03 -.54104412E+03
179 1 -.54119226E+03 -.54118944E+03
180 1 -.54148121E+03 -.54147839E+03
181 1 -.54120582E+03 -.54120300E+03
182 1 -.54117454E+03 -.54117172E+03
183 1 -.54123479E+03 -.54123197E+03
184 1 -.54119781E+03 -.54119499E+03
185 1 -.54118091E+03 -.54117809E+03
186 1 -.54122444E+03 -.54122162E+03
187 1 -.54109340E+03 -.54109058E+03
188 1 -.54117771E+03 -.54117489E+03
189 1 -.54122439E+03 -.54122157E+03
190 1 -.54116714E+03 -.54116432E+03
191 1 -.54101355E+03 -.54101073E+03
192 1 -.54137067E+03 -.54136785E+03
193 1 -.54121841E+03 -.54121559E+03
194 1 -.54145572E+03 -.54145290E+03
195 1 -.54103685E+03 -.54103403E+03
196 1 -.54090308E+03 -.54090026E+03
197 1 -.54115916E+03 -.54115634E+03
198 1 -.54119979E+03 -.54119696E+03
199 1 -.54089201E+03 -.54088919E+03
200 1 -.54112772E+03 -.54112490E+03
201 1 -.54136673E+03 -.54136390E+03
202 1 -.54091674E+03 -.54091263E+03
203 1 -.54112490E+03 -.54112208E+03
204 1 -.54104756E+03 -.54104473E+03
205 1 -.54121467E+03 -.54121185E+03
206 1 -.54090607E+03 -.54090324E+03
207 1 -.54115561E+03 -.54115278E+03
208 1 -.54097030E+03 -.54096748E+03
209 1 -.54112644E+03 -.54112362E+03
210 1 -.54089328E+03 -.54089038E+03
211 1 -.54098699E+03 -.54098345E+03
212 1 -.54091190E+03 -.54090908E+03
213 1 -.54094185E+03 -.54093903E+03
214 1 -.54141571E+03 -.54141289E+03
215 1 -.54118830E+03 -.54118548E+03
216 1 -.54070285E+03 -.54070003E+03
217 1 -.54125436E+03 -.54125154E+03
218 1 -.54088124E+03 -.54087842E+03
219 1 -.54085178E+03 -.54084895E+03
220 1 -.54127185E+03 -.54126903E+03
221 1 -.54113409E+03 -.54113127E+03
222 1 -.54100540E+03 -.54100258E+03
223 1 -.54084296E+03 -.54084014E+03
224 1 -.54071076E+03 -.54070794E+03
225 1 -.54084956E+03 -.54084674E+03
226 1 -.54148430E+03 -.54148148E+03
227 1 -.54161340E+03 -.54161058E+03
228 1 -.54144739E+03 -.54144457E+03
229 1 -.54140728E+03 -.54140446E+03
230 1 -.54150283E+03 -.54150001E+03
231 1 -.54110966E+03 -.54110684E+03
232 1 -.54146388E+03 -.54146106E+03
233 1 -.54137597E+03 -.54137315E+03
234 1 -.54130804E+03 -.54130522E+03
235 1 -.54124112E+03 -.54123830E+03
236 1 -.54121229E+03 -.54120947E+03
237 1 -.54139565E+03 -.54139283E+03
238 1 -.54136663E+03 -.54136381E+03
239 1 -.54124883E+03 -.54124601E+03
240 1 -.54118539E+03 -.54118256E+03
