25 5 -.54114809E+03 -.54114809E+03 3.0000
26 5 -.54060384E+03 -.54060384E+03 3.0000
27 5 -.54070406E+03 -.54070406E+03 3.0000
28 5 -.54101062E+03 -.54101062E+03 3.0000
29 5 -.54067169E+03 -.54067169E+03 3.0000
30 5 -.54073563E+03 -.54073563E+03 3.0000
31 5 -.54085504E+03 -.54085504E+03 3.0000
32 5 -.54048220E+03 -.54048220E+03 3.0000
33 5 -.54076964E+03 -.54076964E+03 3.0000
34 5 -.54106212E+03 -.54106212E+03 3.0000
35 5 -.54067796E+03 -.54067796E+03 3.0000
36 5 -.54090578E+03 -.54090578E+03 3.0000
37 5 -.54076259E+03 -.54076259E+03 3.0000
38 5 -.54092589E+03 -.54092589E+03 3.0000
39 5 -.54082425E+03 -.54082425E+03 3.0000
40 5 -.54079864E+03 -.54079864E+03 3.0000
41 5 -.54085599E+03 -.54085599E+03 3.0000
42 5 -.54086289E+03 -.54086289E+03 3.0000
43 5 -.54096689E+03 -.54096689E+03 3.0000
44 5 -.54091590E+03 -.54091590E+03 3.0000
45 5 -.54097797E+03 -.54097797E+03 3.0000
46 5 -.54067229E+03 -.54067229E+03 3.0000
47 5 -.54077230E+03 -.54077230E+03 3.0000
48 5 -.54085964E+03 -.54085964E+03 3.0000
49 5 -.54078953E+03 -.54078953E+03 3.0000
50 5 -.54080080E+03 -.54080080E+03 3.0000
51 5 -.54067409E+03 -.54067409E+03 3.0000
52 5 -.54088264E+03 -.54088264E+03 3.0000
53 5 -.54079512E+03 -.54079512E+03 3.0000
54 5 -.54067783E+03 -.54067783E+03 3.0000
55 5 -.54068217E+03 -.54068217E+03 3.0000
56 5 -.54068779E+03 -.54068779E+03 3.0000
57 5 -.54073597E+03 -.54073597E+03 3.0000
58 5 -.54089655E+03 -.54089655E+03 3.0000
59 5 -.54092906E+03 -.54092906E+03 3.0000
60 5 -.54088695E+03 -.54088695E+03 3.0000
61 5 -.54088114E+03 -.54088114E+03 3.0000
62 5 -.54092030E+03 -.54092030E+03 3.0000
63 5 -.54078102E+03 -.54078102E+03 3.0000
64 5 -.54089857E+03 -.54089857E+03 3.0000
65 5 -.54081937E+03 -.54081937E+03 3.0000
66 5 -.54083612E+03 -.54083612E+03 3.0000
67 5 -.54095789E+03 -.54095789E+03 3.0000
68 5 -.54091821E+03 -.54091821E+03 3.0000
69 5 -.54091845E+03 -.54091845E+03 3.0000
70 5 -.54068077E+03 -.54068077E+03 3.0000
71 5 -.54091140E+03 -.54091140E+03 3.0000
72 5 -.54088187E+03 -.54088187E+03 3.0000
73 5 -.54066711E+03 -.54066711E+03 3.0000
74 5 -.54085925E+03 -.54085925E+03 3.0000
75 5 -.54087082E+03 -.54087082E+03 3.0000
76 5 -.54076562E+03 -.54076562E+03 3.0000
77 5 -.54069018E+03 -.54069018E+03 3.0000
78 5 -.54064026E+03 -.54064026E+03 3.0000
79 5 -.54086449E+03 -.54086449E+03 3.0000
80 5 -.54079800E+03 -.54079800E+03 3.0000
81 5 -.54080316E+03 -.54080316E+03 3.0000
82 5 -.54087523E+03 -.54087523E+03 3.0000
83 5 -.54089434E+03 -.54089434E+03 3.0000
84 5 -.54104896E+03 -.54104896E+03 3.0000
85 5 -.54095622E+03 -.54095622E+03 3.0000
86 5 -.54113777E+03 -.54113777E+03 3.0000
87 5 -.54110237E+03 -.54110237E+03 3.0000
88 5 -.54098807E+03 -.54098807E+03 3.0000
89 5 -.54102884E+03 -.54102884E+03 3.0000
90 5 -.54094757E+03 -.54094757E+03 3.0000
91 5 -.54107391E+03 -.54107391E+03 3.0000
92 5 -.54103824E+03 -.54103824E+03 3.0000
93 5 -.54104160E+03 -.54104160E+03 3.0000
94 5 -.54100480E+03 -.54100480E+03 3.0000
95 5 -.54089831E+03 -.54089822E+03 3.0000
96 5 -.54120250E+03 -.54120250E+03 3.0000
97 5 -.54110279E+03 -.54110279E+03 3.0000
98 5 -.54067449E+03 -.54067449E+03 3.0000
99 5 -.54111735E+03 -.54111735E+03 3.0000
100 5 -.54103361E+03 -.54103361E+03 3.0000
101 5 -.54109585E+03 -.54109585E+03 3.0000
102 5 -.54118821E+03 -.54118821E+03 3.0000
103 5 -.54120875E+03 -.54120875E+03 3.0000
104 5 -.54091201E+03 -.54091201E+03 3.0000
105 5 -.54099608E+03 -.54099608E+03 3.0000
106 5 -.54114101E+03 -.54114101E+03 3.0000
107 5 -.54100459E+03 -.54100459E+03 3.0000
108 5 -.54101423E+03 -.54101423E+03 3.0000
109 5 -.54098132E+03 -.54098132E+03 3.0000
110 5 -.54111957E+03 -.54111957E+03 3.0000
111 5 -.54116846E+03 -.54116846E+03 3.0000
112 5 -.54115476E+03 -.54115476E+03 3.0000
113 5 -.54114107E+03 -.54114107E+03 3.0000
114 5 -.54094409E+03 -.54094409E+03 3.0000
115 5 -.54117953E+03 -.54117953E+03 3.0000
116 5 -.54111711E+03 -.54111711E+03 3.0000
117 5 -.54112726E+03 -.54112726E+03 3.0000
118 5 -.54110576E+03 -.54110576E+03 3.0000
119 5 -.54088953E+03 -.54088953E+03 3.0000
120 5 -.54096431E+03 -.54096431E+03 3.0000
121 5 -.54102427E+03 -.54102427E+03 3.0000
122 5 -.54096520E+03 -.54096520E+03 3.0000
123 5 -.54055644E+03 -.54055644E+03 3.0000
124 5 -.54067001E+03 -.54067001E+03 3.0000
125 5 -.54095222E+03 -.54095222E+03 3.0000
126 5 -.54094583E+03 -.54094583E+03 3.0000
127 5 -.54075390E+03 -.54075390E+03 3.0000
128 5 -.54090890E+03 -.54090890E+03 3.0000
129 5 -.54084226E+03 -.54084226E+03 3.0000
130 5 -.54070766E+03 -.54070766E+03 3.0000
131 5 -.54079881E+03 -.54079881E+03 3.0000
132 5 -.54080517E+03 -.54080517E+03 3.0000
133 5 -.54078860E+03 -.54078860E+03 3.0000
134 5 -.54069776E+03 -.54069776E+03 3.0000
135 5 -.54086781E+03 -.54086781E+03 3.0000
136 5 -.54085879E+03 -.54085879E+03 3.0000
137 5 -.54083603E+03 -.54083603E+03 3.0000
138 5 -.54089084E+03 -.54089084E+03 3.0000
139 5 -.54067476E+03 -.54067476E+03 3.0000
140 5 -.54073370E+03 -.54073370E+03 3.0000
141 5 -.54088931E+03 -.54088931E+03 3.0000
142 5 -.54088797E+03 -.54088797E+03 3.0000
143 5 -.54083219E+03 -.54083219E+03 3.0000
144 5 -.54080561E+03 -.54080561E+03 3.0000
145 5 -.54073004E+03 -.54073004E+03 3.0000
146 5 -.54076958E+03 -.54076958E+03 3.0000
147 5 -.54073148E+03 -.54073148E+03 3.0000
148 5 -.54075705E+03 -.54075705E+03 3.0000
149 5 -.54063618E+03 -.54063618E+03 3.0000
150 5 -.54065565E+03 -.54065565E+03 3.0000
151 5 -.54081328E+03 -.54081328E+03 3.0000
152 5 -.54072615E+03 -.54072615E+03 3.0000
153 5 -.54075876E+03 -.54075876E+03 3.0000
154 5 -.54082926E+03 -.54082926E+03 3.0000
155 5 -.54041899E+03 -.54041899E+03 3.0000
156 5 -.54071744E+03 -.54071744E+03 3.0000
157 5 -.54049223E+03 -.54049223E+03 3.0000
158 5 -.54070570E+03 -.54070570E+03 3.0000
159 5 -.54062747E+03 -.54062747E+03 3.0000
160 5 -.54080234E+03 -.54080234E+03 3.0000
161 5 -.54076754E+03 -.54076754E+03 3.0000
162 5 -.54079492E+03 -.54079492E+03 3.0000
163 5 -.54061109E+03 -.54061109E+03 3.0000
164 5 -.54075156E+03 -.54075156E+03 3.0000
165 5 -.54075652E+03 -.54075652E+03 3.0000
166 5 -.54075971E+03 -.54075971E+03 3.0000
167 5 -.54050003E+03 -.54050003E+03 3.0000
168 5 -.54068484E+03 -.54068484E+03 3.0000
169 5 -.54071148E+03 -.54071148E+03 3.0000
170 5 -.54073518E+03 -.54073518E+03 3.0000
171 5 -.54069942E+03 -.54069942E+03 3.0000
172 5 -.54074979E+03 -.54074979E+03 3.0000
173 5 -.54066690E+03 -.54066690E+03 3.0000
174 5 -.54073596E+03 -.54073596E+03 3.0000
175 5 -.54075478E+03 -.54075478E+03 3.0000
176 5 -.54032151E+03 -.54032151E+03 3.0000
177 5 -.54058119E+03 -.54058119E+03 3.0000
178 5 -.54064330E+03 -.54064330E+03 3.0000
179 5 -.54077675E+03 -.54077675E+03 3.0000
180 5 -.54067460E+03 -.54067460E+03 3.0000
181 5 -.54078033E+03 -.54078033E+03 3.0000
182 5 -.54072696E+03 -.54072696E+03 3.0000
183 5 -.54069688E+03 -.54069688E+03 3.0000
184 5 -.54073150E+03 -.54073150E+03 3.0000
185 5 -.54059090E+03 -.54059090E+03 3.0000
186 5 -.54073214E+03 -.54073214E+03 3.0000
187 5 -.54068310E+03 -.54068310E+03 3.0000
188 5 -.54053745E+03 -.54053745E+03 3.0000
189 5 -.54065686E+03 -.54065686E+03 3.0000
190 5 -.54071652E+03 -.54071652E+03 3.0000
191 5 -.54085372E+03 -.54085372E+03 3.0000
192 5 -.54078203E+03 -.54078203E+03 3.0000
193 5 -.54086074E+03 -.54086074E+03 3.0000
194 5 -.54073148E+03 -.54073148E+03 3.0000
195 5 -.54084799E+03 -.54084799E+03 3.0000
196 5 -.54076000E+03 -.54076000E+03 3.0000
197 5 -.54060905E+03 -.54060905E+03 3.0000
198 5 -.54092653E+03 -.54092653E+03 3.0000
199 5 -.54077295E+03 -.54077295E+03 3.0000
200 5 -.54084839E+03 -.54084839E+03 3.0000
201 5 -.54078623E+03 -.54078623E+03 3.0000
202 5 -.54091663E+03 -.54091663E+03 3.0000
203 5 -.54076356E+03 -.54076356E+03 3.0000
204 5 -.54078953E+03 -.54078953E+03 3.0000
205 5 -.54083726E+03 -.54083726E+03 3.0000
206 5 -.54082763E+03 -.54082763E+03 3.0000
207 5 -.54073732E+03 -.54073732E+03 3.0000
208 5 -.54090005E+03 -.54090005E+03 3.0000
209 5 -.54073274E+03 -.54073274E+03 3.0000
210 5 -.54083331E+03 -.54083331E+03 3.0000
211 5 -.54083602E+03 -.54083602E+03 3.0000
212 5 -.54082364E+03 -.54082364E+03 3.0000
213 5 -.54086948E+03 -.54086948E+03 3.0000
214 5 -.54079908E+03 -.54079908E+03 3.0000
215 5 -.54073524E+03 -.54073524E+03 3.0000
216 5 -.54074949E+03 -.54074949E+03 3.0000
217 5 -.54064375E+03 -.54064375E+03 3.0000
218 5 -.54090092E+03 -.54090092E+03 3.0000
219 5 -.54089444E+03 -.54089444E+03 3.0000
220 5 -.54059805E+03 -.54059805E+03 3.0000
221 5 -.54074116E+03 -.54074116E+03 3.0000
222 5 -.54087699E+03 -.54087699E+03 3.0000
223 5 -.54088130E+03 -.54088130E+03 3.0000
224 5 -.54075589E+03 -.54075589E+03 3.0000
225 5 -.54087455E+03 -.54087455E+03 3.0000
226 5 -.54082341E+03 -.54082341E+03 3.0000
227 5 -.54093127E+03 -.54093127E+03 3.0000
228 5 -.54101982E+03 -.54101982E+03 3.0000
229 5 -.54081649E+03 -.54081649E+03 3.0000
230 5 -.54078925E+03 -.54078925E+03 3.0000
231 5 -.54094837E+03 -.54094837E+03 3.0000
232 5 -.54075021E+03 -.54075021E+03 3.0000
233 5 -.54092069E+03 -.54092069E+03 3.0000
234 5 -.54093020E+03 -.54093020E+03 3.0000
235 5 -.54099622E+03 -.54099622E+03 3.0000
236 5 -.54103177E+03 -.54103177E+03 3.0000
237 5 -.54078439E+03 -.54078439E+03 3.0000
238 5 -.54091542E+03 -.54091542E+03 3.0000
239 5 -.54098668E+03 -.54098668E+03 3.0000
240 5 -.54092425E+03 -.54092425E+03 3.0000
241 5 -.54093283E+03 -.54093283E+03 3.0000
242 5 -.54100646E+03 -.54100646E+03 3.0000
243 5 -.54101376E+03 -.54101376E+03 3.0000
244 5 -.54098849E+03 -.54098849E+03 3.0000
245 5 -.54087804E+03 -.54087804E+03 3.0000
246 5 -.54085667E+03 -.54085667E+03 3.0000
247 5 -.54079078E+03 -.54079078E+03 3.0000
248 5 -.54099840E+03 -.54099840E+03 3.0000
249 5 -.54069255E+03 -.54069255E+03 3.0000
250 5 -.54089682E+03 -.54089682E+03 3.0000
251 5 -.54074819E+03 -.54074819E+03 3.0000
252 5 -.54093866E+03 -.54093866E+03 3.0000
253 5 -.54077915E+03 -.54077915E+03 3.0000
254 5 -.54088220E+03 -.54088220E+03 3.0000
255 5 -.54093489E+03 -.54093489E+03 3.0000
256 5 -.54088781E+03 -.54088781E+03 3.0000
257 5 -.54089251E+03 -.54089251E+03 3.0000
258 5 -.54090212E+03 -.54090212E+03 3.0000
259 5 -.54070303E+03 -.54070303E+03 3.0000
260 5 -.54099914E+03 -.54099914E+03 3.0000
261 5 -.54067573E+03 -.54067573E+03 3.0000
262 5 -.54072461E+03 -.54072461E+03 3.0000
263 5 -.54075905E+03 -.54075905E+03 3.0000
264 5 -.54085409E+03 -.54085409E+03 3.0000
265 5 -.54088290E+03 -.54088290E+03 3.0000
266 5 -.54085060E+03 -.54085060E+03 3.0000
267 5 -.54080696E+03 -.54080696E+03 3.0000
268 5 -.54086984E+03 -.54086984E+03 3.0000
269 5 -.54095184E+03 -.54095184E+03 3.0000
270 5 -.54090010E+03 -.54090010E+03 3.0000
271 5 -.54082484E+03 -.54082484E+03 3.0000
272 5 -.54068804E+03 -.54068804E+03 3.0000
273 5 -.54097372E+03 -.54097372E+03 3.0000
274 5 -.54089777E+03 -.54089777E+03 3.0000
275 5 -.54079589E+03 -.54079589E+03 3.0000
276 5 -.54083862E+03 -.54083862E+03 3.0000
277 5 -.54093351E+03 -.54093351E+03 3.0000
278 5 -.54091901E+03 -.54091901E+03 3.0000
279 5 -.54086239E+03 -.54086239E+03 3.0000
280 5 -.54094657E+03 -.54094657E+03 3.0000
281 5 -.54057668E+03 -.54057668E+03 3.0000
282 5 -.54073432E+03 -.54073432E+03 3.0000
283 5 -.54086813E+03 -.54086813E+03 3.0000
284 5 -.54079496E+03 -.54079496E+03 3.0000
285 5 -.54083360E+03 -.54083360E+03 3.0000
286 5 -.54062358E+03 -.54062340E+03 3.0000
287 5 -.54089927E+03 -.54089927E+03 3.0000
288 5 -.54078657E+03 -.54078657E+03 3.0000
289 5 -.54081876E+03 -.54081876E+03 3.0000
290 5 -.54094267E+03 -.54094267E+03 3.0000
291 5 -.54088446E+03 -.54088446E+03 3.0000
292 5 -.54088929E+03 -.54088929E+03 3.0000
293 5 -.54095063E+03 -.54095063E+03 3.0000
294 5 -.54080804E+03 -.54080804E+03 3.0000
295 5 -.54101627E+03 -.54101627E+03 3.0000
296 5 -.54089879E+03 -.54089879E+03 3.0000
297 5 -.54094465E+03 -.54094465E+03 3.0000
298 5 -.54073678E+03 -.54073678E+03 3.0000
299 5 -.54099206E+03 -.54099206E+03 3.0000
300 5 -.54105247E+03 -.54105247E+03 3.0000
301 5 -.54096366E+03 -.54096366E+03 3.0000
302 5 -.54097199E+03 -.54097199E+03 3.0000
303 5 -.54080580E+03 -.54080580E+03 3.0000
304 5 -.54083885E+03 -.54083885E+03 3.0000
305 5 -.54086406E+03 -.54086406E+03 3.0000
306 5 -.54098177E+03 -.54098177E+03 3.0000
307 5 -.54093417E+03 -.54093417E+03 3.0000
308 5 -.54078448E+03 -.54078448E+03 3.0000
309 5 -.54098621E+03 -.54098621E+03 3.0000
310 5 -.54090690E+03 -.54090690E+03 3.0000
311 5 -.54099776E+03 -.54099776E+03 3.0000
312 5 -.54102089E+03 -.54102089E+03 3.0000
313 5 -.54100629E+03 -.54100629E+03 3.0000
314 5 -.54096734E+03 -.54096734E+03 3.0000
315 5 -.54086059E+03 -.54086059E+03 3.0000
316 5 -.54090603E+03 -.54090603E+03 3.0000
317 5 -.54086746E+03 -.54086746E+03 3.0000
318 5 -.54075334E+03 -.54075334E+03 3.0000
319 5 -.54094927E+03 -.54094927E+03 3.0000
320 5 -.54097978E+03 -.54097978E+03 3.0000
321 5 -.54090135E+03 -.54090135E+03 3.0000
322 5 -.54067487E+03 -.54067487E+03 3.0000
323 5 -.54066683E+03 -.54066683E+03 3.0000
324 5 -.54079737E+03 -.54079737E+03 3.0000
325 5 -.54019399E+03 -.54019399E+03 3.0000
326 5 -.54100874E+03 -.54100874E+03 3.0000
327 5 -.54103684E+03 -.54103684E+03 3.0000
