161 5 -.54101735E+03 -.54101735E+03 1.0004
162 5 -.54077117E+03 -.54077117E+03 3.0001
163 5 -.54115714E+03 -.54115714E+03 1.0003
164 5 -.54069768E+03 -.54069768E+03 3.0001
165 5 -.54066387E+03 -.54066317E+03 3.0591
166 5 -.54091814E+03 -.54091814E+03 1.0000
167 5 -.54123892E+03 -.54123892E+03 1.0000
168 5 -.54065120E+03 -.54065120E+03 3.0002
169 5 -.54097286E+03 -.54097286E+03 1.0002
170 5 -.54071798E+03 -.54071798E+03 3.0001
171 5 -.54142545E+03 -.54142545E+03 1.0001
172 5 -.54137122E+03 -.54137122E+03 1.0000
173 5 -.54159148E+03 -.54159148E+03 1.0001
174 5 -.54133135E+03 -.54133135E+03 1.0004
175 5 -.54130255E+03 -.54130255E+03 1.0000
176 5 -.54127591E+03 -.54127591E+03 1.0004
177 5 -.54117896E+03 -.54117896E+03 1.0000
178 5 -.54112341E+03 -.54112341E+03 1.0000
179 5 -.54127521E+03 -.54127521E+03 1.0000
180 5 -.54154746E+03 -.54154746E+03 1.0004
181 5 -.54129588E+03 -.54129588E+03 1.0000
182 5 -.54124251E+03 -.54124251E+03 1.0001
183 5 -.54131223E+03 -.54131223E+03 1.0000
184 5 -.54128890E+03 -.54128890E+03 1.0000
185 5 -.54124299E+03 -.54124299E+03 1.0001
186 5 -.54129581E+03 -.54129581E+03 1.0000
187 5 -.54120191E+03 -.54120191E+03 1.0000
188 5 -.54124501E+03 -.54124501E+03 1.0001
189 5 -.54131762E+03 -.54131762E+03 1.0001
190 5 -.54125157E+03 -.54125157E+03 1.0000
191 5 -.54111097E+03 -.54111097E+03 1.0004
192 5 -.54146206E+03 -.54146206E+03 1.0000
193 5 -.54128212E+03 -.54128212E+03 1.0004
194 5 -.54154831E+03 -.54154831E+03 1.0002
195 5 -.54109957E+03 -.54109957E+03 1.0004
196 5 -.54096637E+03 -.54096637E+03 1.0002
197 5 -.54127810E+03 -.54127810E+03 1.0001
198 5 -.54127942E+03 -.54127942E+03 1.0001
199 5 -.54095871E+03 -.54095871E+03 1.0002
200 5 -.54121431E+03 -.54121431E+03 1.0000
201 5 -.54146195E+03 -.54146195E+03 1.0001
202 5 -.54100683E+03 -.54100683E+03 0.9999
203 5 -.54120054E+03 -.54120054E+03 1.0004
204 5 -.54112448E+03 -.54112448E+03 1.0003
205 5 -.54128419E+03 -.54128419E+03 1.0000
206 5 -.54099344E+03 -.54099344E+03 1.0001
207 5 -.54121560E+03 -.54121560E+03 1.0000
208 5 -.54103503E+03 -.54103503E+03 1.0002
209 5 -.54121032E+03 -.54121032E+03 1.0003
210 5 -.54098634E+03 -.54098634E+03 1.0003
211 5 -.54107594E+03 -.54107594E+03 1.0002
212 5 -.54099799E+03 -.54099799E+03 1.0001
213 5 -.54101403E+03 -.54101403E+03 1.0004
214 5 -.54151570E+03 -.54151570E+03 1.0002
215 5 -.54127420E+03 -.54127420E+03 1.0004
216 5 -.54069386E+03 -.54069384E+03 2.9986
217 5 -.54135366E+03 -.54135366E+03 1.0000
218 5 -.54082080E+03 -.54082051E+03 3.1827
219 5 -.54083800E+03 -.54083756E+03 3.0260
220 5 -.54136246E+03 -.54136246E+03 1.0001
221 5 -.54119410E+03 -.54119410E+03 1.0004
222 5 -.54108092E+03 -.54108092E+03 1.0002
223 5 -.54082612E+03 -.54082610E+03 2.9988
224 5 -.54069623E+03 -.54069623E+03 2.9999
225 5 -.54080319E+03 -.54080301E+03 3.0963
226 5 -.54156365E+03 -.54156365E+03 1.0001
227 5 -.54169690E+03 -.54169690E+03 1.0002
228 5 -.54150318E+03 -.54150318E+03 1.0004
229 5 -.54146673E+03 -.54146673E+03 1.0003
230 5 -.54157126E+03 -.54157126E+03 1.0005
231 5 -.54120285E+03 -.54120285E+03 1.0003
232 5 -.54157593E+03 -.54157593E+03 1.0002
233 5 -.54145027E+03 -.54145027E+03 1.0001
234 5 -.54137538E+03 -.54137538E+03 1.0000
235 5 -.54133269E+03 -.54133269E+03 1.0004
236 5 -.54129685E+03 -.54129685E+03 1.0004
237 5 -.54146779E+03 -.54146779E+03 1.0000
238 5 -.54143216E+03 -.54143216E+03 1.0003
239 5 -.54131636E+03 -.54131636E+03 1.0003
240 5 -.54125116E+03 -.54125116E+03 1.0004
