241 5 -.54133006E+03 -.54133006E+03 1.0000
242 5 -.54134608E+03 -.54134608E+03 1.0003
243 5 -.54135630E+03 -.54135630E+03 1.0002
244 5 -.54137673E+03 -.54137673E+03 1.0000
245 5 -.54128699E+03 -.54128699E+03 1.0002
246 5 -.54133251E+03 -.54133251E+03 1.0000
247 5 -.54158748E+03 -.54158748E+03 1.0001
248 5 -.54128551E+03 -.54128551E+03 1.0004
249 5 -.54174615E+03 -.54174615E+03 1.0004
250 5 -.54136957E+03 -.54136957E+03 1.0001
251 5 -.54151283E+03 -.54151283E+03 1.0005
252 5 -.54126617E+03 -.54126617E+03 1.0004
253 5 -.54151767E+03 -.54151767E+03 1.0001
254 5 -.54128282E+03 -.54128282E+03 1.0003
255 5 -.54135338E+03 -.54135338E+03 1.0001
256 5 -.54124038E+03 -.54124038E+03 1.0000
257 5 -.54118160E+03 -.54118160E+03 1.0003
258 5 -.54132927E+03 -.54132927E+03 1.0003
259 5 -.54161016E+03 -.54161016E+03 1.0002
260 5 -.54123157E+03 -.54123157E+03 1.0002
261 5 -.54137441E+03 -.54137441E+03 1.0003
262 5 -.54147510E+03 -.54147510E+03 1.0000
263 5 -.54147572E+03 -.54147572E+03 1.0000
264 5 -.54130518E+03 -.54130518E+03 1.0004
265 5 -.54112350E+03 -.54112350E+03 1.0002
266 5 -.54106680E+03 -.54106680E+03 1.0001
267 5 -.54166915E+03 -.54166915E+03 1.0002
268 5 -.54156834E+03 -.54156834E+03 1.0001
269 5 -.54123993E+03 -.54123993E+03 1.0002
270 5 -.54115321E+03 -.54115321E+03 1.0002
271 5 -.54122668E+03 -.54122668E+03 1.0000
272 5 -.54147806E+03 -.54147806E+03 1.0001
273 5 -.54117217E+03 -.54117217E+03 1.0002
274 5 -.54110103E+03 -.54110103E+03 1.0001
275 5 -.54135036E+03 -.54135036E+03 1.0003
276 5 -.54129646E+03 -.54129646E+03 1.0003
277 5 -.54122689E+03 -.54122689E+03 1.0002
278 5 -.54116197E+03 -.54116197E+03 1.0002
279 5 -.54104812E+03 -.54104812E+03 1.0001
280 5 -.54120103E+03 -.54120103E+03 1.0003
281 5 -.54180890E+03 -.54180890E+03 1.0005
282 5 -.54160755E+03 -.54160755E+03 1.0004
283 5 -.54162725E+03 -.54162725E+03 1.0002
284 5 -.54148324E+03 -.54148324E+03 1.0002
285 5 -.54161936E+03 -.54161936E+03 1.0003
286 5 -.54169409E+03 -.54169409E+03 1.0001
287 5 -.54161515E+03 -.54161515E+03 1.0001
288 5 -.54154970E+03 -.54154970E+03 1.0001
289 5 -.54158201E+03 -.54158201E+03 1.0001
290 5 -.54106535E+03 -.54106535E+03 1.0001
291 5 -.54132105E+03 -.54132105E+03 1.0004
292 5 -.54093538E+03 -.54093538E+03 1.0004
293 5 -.54118723E+03 -.54118723E+03 1.0002
294 5 -.54148337E+03 -.54148337E+03 1.0001
295 5 -.54095779E+03 -.54095779E+03 3.0000
296 5 -.54128606E+03 -.54128606E+03 1.0001
297 5 -.54091864E+03 -.54091864E+03 3.0001
298 5 -.54141455E+03 -.54141455E+03 1.0003
299 5 -.54095370E+03 -.54095370E+03 3.0001
300 5 -.54101420E+03 -.54101420E+03 3.0001
301 5 -.54094278E+03 -.54094278E+03 3.0001
302 5 -.54093529E+03 -.54093529E+03 3.0001
303 5 -.54136266E+03 -.54136266E+03 1.0004
304 5 -.54126638E+03 -.54126638E+03 1.0002
305 5 -.54131718E+03 -.54131718E+03 1.0002
306 5 -.54116393E+03 -.54116393E+03 1.0002
307 5 -.54089054E+03 -.54089054E+03 3.0001
308 5 -.54144283E+03 -.54144283E+03 1.0001
309 5 -.54111737E+03 -.54111737E+03 1.0000
310 5 -.54131428E+03 -.54131428E+03 1.0003
311 5 -.54109820E+03 -.54109820E+03 0.9993
312 5 -.54100858E+03 -.54100858E+03 3.0001
313 5 -.54097321E+03 -.54097321E+03 3.0001
314 5 -.54110429E+03 -.54110429E+03 1.0000
315 5 -.54118764E+03 -.54118759E+03 1.0001
316 5 -.54107291E+03 -.54107291E+03 1.0001
317 5 -.54102762E+03 -.54102762E+03 1.0002
318 5 -.54143960E+03 -.54143960E+03 1.0001
319 5 -.54094535E+03 -.54094535E+03 3.0001
320 5 -.54096652E+03 -.54096652E+03 3.0001
321 5 -.54089488E+03 -.54089488E+03 3.0001
322 5 -.54136842E+03 -.54136842E+03 1.0001
323 5 -.54141388E+03 -.54141388E+03 1.0000
324 5 -.54146714E+03 -.54146714E+03 1.0001
325 5 -.54138148E+03 -.54138146E+03 1.0002
326 5 -.54100023E+03 -.54100023E+03 3.0001
327 5 -.54101195E+03 -.54101195E+03 3.0001
