2 5 -.53754617E+03 -.53754339E+03 0.0000
3 5 -.53915946E+03 -.53915946E+03 0.0000
4 5 -.53838594E+03 -.53838594E+03 0.0000
5 5 -.53885815E+03 -.53885815E+03 0.0000
6 5 -.53761358E+03 -.53761358E+03 0.0000
7 5 -.53812466E+03 -.53812466E+03 -0.0000
8 5 -.53783645E+03 -.53783645E+03 -0.0000
9 5 -.53818284E+03 -.53818284E+03 0.0000
10 5 -.53804870E+03 -.53804870E+03 -0.0000
11 5 -.53846227E+03 -.53846227E+03 -0.0000
12 5 -.53786421E+03 -.53786421E+03 -0.0000
13 5 -.53779414E+03 -.53779414E+03 0.0000
14 5 -.53799202E+03 -.53799202E+03 0.0000
15 5 -.53770042E+03 -.53770042E+03 0.0000
16 5 -.53831632E+03 -.53831632E+03 -0.0000
17 5 -.53770480E+03 -.53770379E+03 0.0000
18 5 -.53774456E+03 -.53774456E+03 -0.0000
19 5 -.53779238E+03 -.53779238E+03 -0.0000
20 5 -.53815455E+03 -.53815455E+03 0.0000
21 5 -.53761907E+03 -.53761393E+03 0.0000
22 5 -.53795205E+03 -.53795205E+03 0.0000
23 5 -.53813419E+03 -.53813419E+03 0.0000
24 5 -.53752880E+03 -.53752645E+03 -0.0000
