81 1 -.54051252E+03 -.54050961E+03
82 1 -.54204108E+03 -.54203826E+03
83 1 -.54208309E+03 -.54208027E+03
84 1 -.54216795E+03 -.54216513E+03
85 1 -.54211729E+03 -.54211447E+03
86 1 -.54229456E+03 -.54229173E+03
87 1 -.54224249E+03 -.54223967E+03
88 1 -.54223737E+03 -.54223454E+03
89 1 -.54218789E+03 -.54218507E+03
90 1 -.54214152E+03 -.54213870E+03
91 1 -.54221732E+03 -.54221450E+03
92 1 -.54218677E+03 -.54218395E+03
93 1 -.54223291E+03 -.54223008E+03
94 1 -.54218625E+03 -.54218343E+03
95 1 -.54210284E+03 -.54210002E+03
96 1 -.54177689E+03 -.54177407E+03
97 1 -.54166269E+03 -.54165987E+03
98 1 -.54095990E+03 -.54095708E+03
99 1 -.54154312E+03 -.54153997E+03
100 1 -.54215045E+03 -.54214763E+03
101 1 -.54163904E+03 -.54163622E+03
102 1 -.54150040E+03 -.54149758E+03
103 1 -.54165997E+03 -.54165715E+03
104 1 -.54143310E+03 -.54143028E+03
105 1 -.54147457E+03 -.54147175E+03
106 1 -.54138422E+03 -.54138140E+03
107 1 -.54180834E+03 -.54180552E+03
108 1 -.54132578E+03 -.54132296E+03
109 1 -.54161040E+03 -.54160758E+03
110 1 -.54152212E+03 -.54151930E+03
111 1 -.54142884E+03 -.54142602E+03
112 1 -.54146013E+03 -.54145731E+03
113 1 -.54147877E+03 -.54147595E+03
114 1 -.54159525E+03 -.54159242E+03
115 1 -.54146212E+03 -.54145930E+03
116 1 -.54140862E+03 -.54140580E+03
117 1 -.54139139E+03 -.54138857E+03
118 1 -.54139391E+03 -.54139109E+03
119 1 -.54168359E+03 -.54168076E+03
120 1 -.54155684E+03 -.54155402E+03
121 1 -.54146697E+03 -.54146415E+03
122 1 -.54142765E+03 -.54142483E+03
123 1 -.54170261E+03 -.54169979E+03
124 1 -.54168240E+03 -.54167958E+03
125 1 -.54195543E+03 -.54195261E+03
126 1 -.54216087E+03 -.54215805E+03
127 1 -.54179915E+03 -.54179633E+03
128 1 -.54201443E+03 -.54201161E+03
129 1 -.54197708E+03 -.54197426E+03
130 1 -.54178642E+03 -.54178360E+03
131 1 -.54192728E+03 -.54192446E+03
132 1 -.54187074E+03 -.54186792E+03
133 1 -.54184363E+03 -.54184081E+03
134 1 -.54178443E+03 -.54178161E+03
135 1 -.54203343E+03 -.54203061E+03
136 1 -.54190136E+03 -.54189854E+03
137 1 -.54188453E+03 -.54188171E+03
138 1 -.54190903E+03 -.54190621E+03
139 1 -.54192682E+03 -.54192400E+03
140 1 -.54191952E+03 -.54191670E+03
141 1 -.54190340E+03 -.54190057E+03
142 1 -.54196098E+03 -.54195816E+03
143 1 -.54185368E+03 -.54185086E+03
144 1 -.54189124E+03 -.54188842E+03
145 1 -.54187296E+03 -.54187014E+03
146 1 -.54188256E+03 -.54187974E+03
147 1 -.54175764E+03 -.54175482E+03
148 1 -.54191905E+03 -.54191623E+03
149 1 -.54085284E+03 -.54085002E+03
150 1 -.54119518E+03 -.54119236E+03
151 1 -.54104798E+03 -.54104516E+03
152 1 -.54134826E+03 -.54134544E+03
153 1 -.54074934E+03 -.54074652E+03
154 1 -.54072970E+03 -.54072688E+03
155 1 -.54096962E+03 -.54096680E+03
156 1 -.54076973E+03 -.54076691E+03
157 1 -.54119428E+03 -.54119146E+03
158 1 -.54101573E+03 -.54101291E+03
159 1 -.54131007E+03 -.54130725E+03
160 1 -.54069274E+03 -.54068992E+03
