1 5 -.53469148E+03 -.53469148E+03 1.0000
2 5 -.53777255E+03 -.53777255E+03 2.0000
3 5 -.53915944E+03 -.53915944E+03 0.0005
4 5 -.53838592E+03 -.53838592E+03 0.0001
5 5 -.53885814E+03 -.53885814E+03 0.0005
6 5 -.53761851E+03 -.53761851E+03 2.0000
7 5 -.53812464E+03 -.53812464E+03 0.0000
8 5 -.53783608E+03 -.53783608E+03 0.0012
9 5 -.53818284E+03 -.53818284E+03 0.0004
10 5 -.53804871E+03 -.53804871E+03 0.0002
11 5 -.53846232E+03 -.53846232E+03 0.0001
12 5 -.53781044E+03 -.53781044E+03 2.0001
13 5 -.53784448E+03 -.53784448E+03 2.0001
14 5 -.53799201E+03 -.53799201E+03 0.0003
15 5 -.53778653E+03 -.53778653E+03 2.0000
16 5 -.53831631E+03 -.53831631E+03 0.0001
17 5 -.53784622E+03 -.53784622E+03 2.0001
18 5 -.53784879E+03 -.53784879E+03 2.0000
19 5 -.53783364E+03 -.53783364E+03 2.0001
20 5 -.53815454E+03 -.53815454E+03 0.0001
21 5 -.53783571E+03 -.53783571E+03 2.0001
22 5 -.53795203E+03 -.53795203E+03 0.0003
23 5 -.53813418E+03 -.53813418E+03 0.0000
24 5 -.53770929E+03 -.53770929E+03 2.0002
25 5 -.54245937E+03 -.54245937E+03 1.0005
26 5 -.54060214E+03 -.54060214E+03 3.0000
27 5 -.54193534E+03 -.54193534E+03 1.0002
28 5 -.54229350E+03 -.54229350E+03 1.0005
29 5 -.54086334E+03 -.54086334E+03 1.0000
30 5 -.54132273E+03 -.54132273E+03 1.0000
31 5 -.54168988E+03 -.54168988E+03 1.0001
32 5 -.54047584E+03 -.54047584E+03 3.0001
33 5 -.54071568E+03 -.54071552E+03 3.0818
34 5 -.54148488E+03 -.54148488E+03 1.0004
35 5 -.54095675E+03 -.54095675E+03 1.0003
36 5 -.54127137E+03 -.54127137E+03 1.0004
37 5 -.54116284E+03 -.54116284E+03 1.0004
38 5 -.54215392E+03 -.54215392E+03 1.0005
39 5 -.54198167E+03 -.54198167E+03 1.0005
40 5 -.54088931E+03 -.54088931E+03 1.0002
41 5 -.54156484E+03 -.54156484E+03 1.0002
42 5 -.54106320E+03 -.54106320E+03 1.0002
43 5 -.54092040E+03 -.54092040E+03 3.0001
44 5 -.54133508E+03 -.54133508E+03 1.0004
45 5 -.54127841E+03 -.54127841E+03 1.0004
46 5 -.54116512E+03 -.54116512E+03 1.0001
47 5 -.54115367E+03 -.54115367E+03 1.0004
48 5 -.54112788E+03 -.54112788E+03 0.9999
49 5 -.54105430E+03 -.54105430E+03 1.0001
50 5 -.54072043E+03 -.54072034E+03 3.3299
51 5 -.54119805E+03 -.54119805E+03 1.0004
52 5 -.54085514E+03 -.54085514E+03 3.0001
53 5 -.54074133E+03 -.54074133E+03 2.9998
54 5 -.54157852E+03 -.54157852E+03 1.0004
55 5 -.54137450E+03 -.54137450E+03 1.0001
56 5 -.54168139E+03 -.54168139E+03 1.0004
57 5 -.54103064E+03 -.54103064E+03 1.0002
58 5 -.54117757E+03 -.54117757E+03 1.0004
59 5 -.54092526E+03 -.54092526E+03 3.0001
60 5 -.54111820E+03 -.54111820E+03 1.0002
61 5 -.54087732E+03 -.54087732E+03 3.0001
62 5 -.54091916E+03 -.54091916E+03 3.0000
63 5 -.54118576E+03 -.54118576E+03 1.0002
64 5 -.54106637E+03 -.54106637E+03 1.0001
65 5 -.54124358E+03 -.54124358E+03 1.0001
66 5 -.54081827E+03 -.54081827E+03 3.0001
67 5 -.54094930E+03 -.54094930E+03 3.0001
68 5 -.54091428E+03 -.54091428E+03 3.0001
69 5 -.54090939E+03 -.54090939E+03 3.0001
70 5 -.54137719E+03 -.54137719E+03 1.0000
71 5 -.54080354E+03 -.54080338E+03 3.3086
72 5 -.54087899E+03 -.54087899E+03 3.0000
73 5 -.54144575E+03 -.54144575E+03 1.0000
74 5 -.54085867E+03 -.54085867E+03 3.0001
75 5 -.54086695E+03 -.54086695E+03 3.0000
76 5 -.54114629E+03 -.54114629E+03 1.0003
77 5 -.54126052E+03 -.54126052E+03 1.0004
78 5 -.54128968E+03 -.54128968E+03 1.0004
79 5 -.54086282E+03 -.54086282E+03 3.0000
80 5 -.54079709E+03 -.54079709E+03 3.0002
