2 36 -.53777352E+03 -.53777291E+03 2.0000
3 38 -.53800276E+03 -.53788558E+03 2.0000
4 39 -.53799781E+03 -.53799375E+03 2.0000
5 35 -.53776716E+03 -.53768359E+03 2.0000
6 34 -.53764866E+03 -.53764794E+03 2.0000
7 33 -.53760447E+03 -.53758095E+03 2.0000
8 34 -.53773644E+03 -.53773276E+03 2.0000
9 35 -.53786121E+03 -.53785608E+03 2.0000
10 34 -.53780346E+03 -.53780016E+03 2.0000
11 34 -.53775832E+03 -.53773497E+03 2.0000
12 31 -.53786925E+03 -.53786811E+03 2.0000
13 29 -.53786733E+03 -.53786639E+03 2.0000
14 32 -.53781408E+03 -.53781091E+03 2.0000
15 37 -.53779453E+03 -.53779310E+03 2.0000
16 30 -.53762895E+03 -.53759610E+03 2.0000
17 30 -.53784973E+03 -.53784883E+03 2.0000
18 37 -.53785719E+03 -.53785636E+03 2.0000
19 34 -.53783432E+03 -.53783358E+03 2.0000
20 37 -.53771718E+03 -.53770807E+03 2.0000
21 35 -.53783647E+03 -.53783594E+03 2.0000
22 34 -.53781572E+03 -.53781352E+03 2.0000
23 30 -.53769096E+03 -.53767802E+03 2.0000
24 30 -.53771100E+03 -.53770974E+03 2.0000
