25 5 -.54245969E+03 -.54245969E+03 1.0000
26 5 -.54060250E+03 -.54060250E+03 1.0000
27 5 -.54193551E+03 -.54193551E+03 1.0000
28 5 -.54229368E+03 -.54229368E+03 1.0000
29 5 -.54086443E+03 -.54086443E+03 1.0000
30 5 -.54132406E+03 -.54132406E+03 1.0000
31 5 -.54169070E+03 -.54169070E+03 1.0000
32 5 -.53998225E+03 -.53998010E+03 1.0000
33 5 -.54089910E+03 -.54089910E+03 1.0000
34 5 -.54148503E+03 -.54148503E+03 1.0000
35 5 -.54095719E+03 -.54095719E+03 1.0000
36 5 -.54127151E+03 -.54127151E+03 1.0000
37 5 -.54116297E+03 -.54116297E+03 1.0000
38 5 -.54215412E+03 -.54215412E+03 1.0000
39 5 -.54198175E+03 -.54198175E+03 1.0000
40 5 -.54088924E+03 -.54088924E+03 1.0000
41 5 -.54156491E+03 -.54156491E+03 1.0000
42 5 -.54106306E+03 -.54106306E+03 1.0000
43 5 -.54091434E+03 -.54091434E+03 1.0000
44 5 -.54133524E+03 -.54133524E+03 1.0000
45 5 -.54127839E+03 -.54127839E+03 1.0000
46 5 -.54116602E+03 -.54116602E+03 1.0000
47 5 -.54115404E+03 -.54115404E+03 1.0000
48 5 -.54112796E+03 -.54112796E+03 1.0000
49 5 -.54105453E+03 -.54105453E+03 1.0000
50 5 -.54090411E+03 -.54090411E+03 1.0000
51 5 -.54119831E+03 -.54119831E+03 1.0000
52 5 -.54088438E+03 -.54088438E+03 1.0000
53 5 -.54086948E+03 -.54086948E+03 1.0000
54 5 -.54157856E+03 -.54157856E+03 1.0000
55 5 -.54137456E+03 -.54137456E+03 1.0000
56 5 -.54168164E+03 -.54168164E+03 1.0000
57 5 -.54103178E+03 -.54103178E+03 1.0000
58 5 -.54117763E+03 -.54117763E+03 1.0000
59 5 -.54071790E+03 -.54071739E+03 1.0000
60 5 -.54111844E+03 -.54111844E+03 1.0000
61 5 -.54083956E+03 -.54083956E+03 1.0000
62 5 -.54090769E+03 -.54090769E+03 1.0000
63 5 -.54118710E+03 -.54118710E+03 1.0000
64 5 -.54106697E+03 -.54106697E+03 1.0000
65 5 -.54124373E+03 -.54124373E+03 1.0000
66 5 -.54078419E+03 -.54078419E+03 1.0000
67 5 -.54091860E+03 -.54091860E+03 1.0000
68 5 -.54080337E+03 -.54080337E+03 1.0000
69 5 -.54088120E+03 -.54088120E+03 1.0000
70 5 -.54137747E+03 -.54137747E+03 1.0000
71 5 -.54101500E+03 -.54101500E+03 1.0000
72 5 -.54074535E+03 -.54074535E+03 1.0000
73 5 -.54144595E+03 -.54144595E+03 1.0000
74 5 -.54083604E+03 -.54083604E+03 1.0000
75 5 -.54085640E+03 -.54085640E+03 1.0000
76 5 -.54114739E+03 -.54114739E+03 1.0000
77 5 -.54126101E+03 -.54126101E+03 1.0000
78 5 -.54129032E+03 -.54129032E+03 1.0000
79 5 -.54084364E+03 -.54084364E+03 1.0000
80 5 -.54077126E+03 -.54077126E+03 1.0000
81 5 -.54055795E+03 -.54055763E+03 1.0000
82 5 -.54213927E+03 -.54213927E+03 1.0000
83 5 -.54216118E+03 -.54216118E+03 1.0000
84 5 -.54227007E+03 -.54227007E+03 1.0000
85 5 -.54221588E+03 -.54221588E+03 1.0000
86 5 -.54237853E+03 -.54237853E+03 1.0000
87 5 -.54233564E+03 -.54233564E+03 1.0000
88 5 -.54232691E+03 -.54232691E+03 1.0000
89 5 -.54227589E+03 -.54227589E+03 1.0000
90 5 -.54223944E+03 -.54223944E+03 1.0000
91 5 -.54230937E+03 -.54230937E+03 1.0000
92 5 -.54227457E+03 -.54227457E+03 1.0000
93 5 -.54232364E+03 -.54232364E+03 1.0000
94 5 -.54228002E+03 -.54228002E+03 1.0000
95 5 -.54220529E+03 -.54220529E+03 1.0000
96 5 -.54184530E+03 -.54184530E+03 1.0000
97 5 -.54175483E+03 -.54175483E+03 1.0000
98 5 -.54106105E+03 -.54106105E+03 1.0000
99 5 -.54161120E+03 -.54161120E+03 1.0000
100 5 -.54224747E+03 -.54224747E+03 1.0000
101 5 -.54175826E+03 -.54175826E+03 1.0000
102 5 -.54158001E+03 -.54158001E+03 1.0000
103 5 -.54171495E+03 -.54171495E+03 1.0000
104 5 -.54148732E+03 -.54148732E+03 1.0000
105 5 -.54156187E+03 -.54156187E+03 1.0000
106 5 -.54147033E+03 -.54147033E+03 1.0000
107 5 -.54189082E+03 -.54189082E+03 1.0000
108 5 -.54143468E+03 -.54143468E+03 1.0000
109 5 -.54169706E+03 -.54169706E+03 1.0000
110 5 -.54160164E+03 -.54160164E+03 1.0000
111 5 -.54152584E+03 -.54152584E+03 1.0000
112 5 -.54155428E+03 -.54155428E+03 1.0000
113 5 -.54155025E+03 -.54155025E+03 1.0000
114 5 -.54167204E+03 -.54167204E+03 1.0000
115 5 -.54155666E+03 -.54155666E+03 1.0000
116 5 -.54150321E+03 -.54150321E+03 1.0000
117 5 -.54149930E+03 -.54149930E+03 1.0000
118 5 -.54148884E+03 -.54148884E+03 1.0000
119 5 -.54175850E+03 -.54175850E+03 1.0000
120 5 -.54163185E+03 -.54163185E+03 1.0000
121 5 -.54152784E+03 -.54152784E+03 1.0000
122 5 -.54151384E+03 -.54151384E+03 1.0000
123 5 -.54179012E+03 -.54179012E+03 1.0000
124 5 -.54178336E+03 -.54178336E+03 1.0000
125 5 -.54202628E+03 -.54202628E+03 1.0000
126 5 -.54228229E+03 -.54228229E+03 1.0000
127 5 -.54190186E+03 -.54190186E+03 1.0000
128 5 -.54209336E+03 -.54209336E+03 1.0000
129 5 -.54206151E+03 -.54206151E+03 1.0000
130 5 -.54186245E+03 -.54186245E+03 1.0000
131 5 -.54200581E+03 -.54200581E+03 1.0000
132 5 -.54195660E+03 -.54195660E+03 1.0000
133 5 -.54194368E+03 -.54194368E+03 1.0000
134 5 -.54188805E+03 -.54188805E+03 1.0000
135 5 -.54211908E+03 -.54211908E+03 1.0000
136 5 -.54199595E+03 -.54199595E+03 1.0000
137 5 -.54197695E+03 -.54197695E+03 1.0000
138 5 -.54199811E+03 -.54199811E+03 1.0000
139 5 -.54200274E+03 -.54200274E+03 1.0000
140 5 -.54201391E+03 -.54201391E+03 1.0000
141 5 -.54199973E+03 -.54199973E+03 1.0000
142 5 -.54204666E+03 -.54204666E+03 1.0000
143 5 -.54195554E+03 -.54195554E+03 1.0000
144 5 -.54198461E+03 -.54198461E+03 1.0000
145 5 -.54197403E+03 -.54197403E+03 1.0000
146 5 -.54196579E+03 -.54196579E+03 1.0000
147 5 -.54185417E+03 -.54185417E+03 1.0000
148 5 -.54200938E+03 -.54200938E+03 1.0000
149 5 -.54093705E+03 -.54093705E+03 1.0000
150 5 -.54126373E+03 -.54126373E+03 1.0000
151 5 -.54114235E+03 -.54114235E+03 1.0000
152 5 -.54144764E+03 -.54144764E+03 1.0000
153 5 -.54081808E+03 -.54081808E+03 1.0000
154 5 -.54083045E+03 -.54083045E+03 1.0000
155 5 -.54106493E+03 -.54106493E+03 1.0000
156 5 -.54085608E+03 -.54085608E+03 1.0000
157 5 -.54128660E+03 -.54128660E+03 1.0000
158 5 -.54111326E+03 -.54111326E+03 1.0000
159 5 -.54141097E+03 -.54141097E+03 1.0000
160 5 -.54080011E+03 -.54080011E+03 1.0000
161 5 -.54101769E+03 -.54101769E+03 1.0000
162 5 -.54081898E+03 -.54081898E+03 1.0000
163 5 -.54115833E+03 -.54115833E+03 1.0000
164 5 -.54079431E+03 -.54079431E+03 1.0000
165 5 -.54081144E+03 -.54081144E+03 1.0000
166 5 -.54091813E+03 -.54091813E+03 1.0000
167 5 -.54123983E+03 -.54123983E+03 1.0000
168 5 -.54070510E+03 -.54070510E+03 1.0000
169 5 -.54097367E+03 -.54097367E+03 1.0000
170 5 -.54067294E+03 -.54067294E+03 1.0000
171 5 -.54142609E+03 -.54142609E+03 1.0000
172 5 -.54137151E+03 -.54137151E+03 1.0000
173 5 -.54159187E+03 -.54159187E+03 1.0000
174 5 -.54133207E+03 -.54133207E+03 1.0000
175 5 -.54130400E+03 -.54130400E+03 1.0000
176 5 -.54127415E+03 -.54127415E+03 1.0000
177 5 -.54117874E+03 -.54117874E+03 1.0000
178 5 -.54112447E+03 -.54112447E+03 1.0000
179 5 -.54127626E+03 -.54127626E+03 1.0000
180 5 -.54154820E+03 -.54154820E+03 1.0000
181 5 -.54129633E+03 -.54129633E+03 1.0000
182 5 -.54124361E+03 -.54124361E+03 1.0000
183 5 -.54131275E+03 -.54131275E+03 1.0000
184 5 -.54128964E+03 -.54128964E+03 1.0000
185 5 -.54124312E+03 -.54124312E+03 1.0000
186 5 -.54129685E+03 -.54129685E+03 1.0000
187 5 -.54120202E+03 -.54120202E+03 1.0000
188 5 -.54124443E+03 -.54124443E+03 1.0000
189 5 -.54131786E+03 -.54131786E+03 1.0000
190 5 -.54125255E+03 -.54125255E+03 1.0000
191 5 -.54111409E+03 -.54111409E+03 1.0000
192 5 -.54146256E+03 -.54146256E+03 1.0000
193 5 -.54128320E+03 -.54128320E+03 1.0000
194 5 -.54154919E+03 -.54154919E+03 1.0000
195 5 -.54109959E+03 -.54109959E+03 1.0000
196 5 -.54096553E+03 -.54096553E+03 1.0000
197 5 -.54127816E+03 -.54127816E+03 1.0000
198 5 -.54128036E+03 -.54128036E+03 1.0000
199 5 -.54095805E+03 -.54095805E+03 1.0000
200 5 -.54121546E+03 -.54121546E+03 1.0000
201 5 -.54146259E+03 -.54146259E+03 1.0000
202 5 -.54101082E+03 -.54101082E+03 1.0000
203 5 -.54120109E+03 -.54120109E+03 1.0000
204 5 -.54112514E+03 -.54112514E+03 1.0000
205 5 -.54128566E+03 -.54128566E+03 1.0000
206 5 -.54099376E+03 -.54099376E+03 1.0000
207 5 -.54121457E+03 -.54121457E+03 1.0000
208 5 -.54103423E+03 -.54103423E+03 1.0000
209 5 -.54121107E+03 -.54121107E+03 1.0000
210 5 -.54098652E+03 -.54098652E+03 1.0000
211 5 -.54108170E+03 -.54108170E+03 1.0000
212 5 -.54099904E+03 -.54099904E+03 1.0000
213 5 -.54101160E+03 -.54101160E+03 1.0000
214 5 -.54151614E+03 -.54151614E+03 1.0000
215 5 -.54127512E+03 -.54127512E+03 1.0000
216 5 -.54079421E+03 -.54079421E+03 1.0000
217 5 -.54135415E+03 -.54135415E+03 1.0000
218 5 -.54095767E+03 -.54095767E+03 1.0000
219 5 -.54095815E+03 -.54095815E+03 1.0000
220 5 -.54136323E+03 -.54136323E+03 1.0000
221 5 -.54119441E+03 -.54119441E+03 1.0000
222 5 -.54108105E+03 -.54108105E+03 1.0000
223 5 -.54094440E+03 -.54094440E+03 1.0000
224 5 -.54079583E+03 -.54079583E+03 1.0000
225 5 -.54093693E+03 -.54093693E+03 1.0000
226 5 -.54156406E+03 -.54156406E+03 1.0000
227 5 -.54169748E+03 -.54169748E+03 1.0000
228 5 -.54150308E+03 -.54150308E+03 1.0000
229 5 -.54146615E+03 -.54146615E+03 1.0000
230 5 -.54157187E+03 -.54157187E+03 1.0000
231 5 -.54120294E+03 -.54120294E+03 1.0000
232 5 -.54157600E+03 -.54157600E+03 1.0000
233 5 -.54145061E+03 -.54145061E+03 1.0000
234 5 -.54137594E+03 -.54137594E+03 1.0000
235 5 -.54133317E+03 -.54133317E+03 1.0000
236 5 -.54129732E+03 -.54129732E+03 1.0000
237 5 -.54146774E+03 -.54146774E+03 1.0000
238 5 -.54143268E+03 -.54143268E+03 1.0000
239 5 -.54131615E+03 -.54131615E+03 1.0000
240 5 -.54125016E+03 -.54125016E+03 1.0000
241 5 -.54133106E+03 -.54133106E+03 1.0000
242 5 -.54134705E+03 -.54134705E+03 1.0000
243 5 -.54135734E+03 -.54135734E+03 1.0000
244 5 -.54137783E+03 -.54137783E+03 1.0000
245 5 -.54128741E+03 -.54128741E+03 1.0000
246 5 -.54133214E+03 -.54133214E+03 1.0000
247 5 -.54158834E+03 -.54158834E+03 1.0000
248 5 -.54128557E+03 -.54128557E+03 1.0000
249 5 -.54174666E+03 -.54174666E+03 1.0000
250 5 -.54136992E+03 -.54136992E+03 1.0000
251 5 -.54151331E+03 -.54151331E+03 1.0000
252 5 -.54126734E+03 -.54126734E+03 1.0000
253 5 -.54151826E+03 -.54151826E+03 1.0000
254 5 -.54128312E+03 -.54128312E+03 1.0000
255 5 -.54135408E+03 -.54135408E+03 1.0000
256 5 -.54124061E+03 -.54124061E+03 1.0000
257 5 -.54118305E+03 -.54118305E+03 1.0000
258 5 -.54132851E+03 -.54132851E+03 1.0000
259 5 -.54161138E+03 -.54161138E+03 1.0000
260 5 -.54123237E+03 -.54123237E+03 1.0000
261 5 -.54137461E+03 -.54137461E+03 1.0000
262 5 -.54147629E+03 -.54147629E+03 1.0000
263 5 -.54147685E+03 -.54147685E+03 1.0000
264 5 -.54130571E+03 -.54130571E+03 1.0000
265 5 -.54112356E+03 -.54112356E+03 1.0000
266 5 -.54106697E+03 -.54106697E+03 1.0000
267 5 -.54167030E+03 -.54167030E+03 1.0000
268 5 -.54156876E+03 -.54156876E+03 1.0000
269 5 -.54124175E+03 -.54124175E+03 1.0000
270 5 -.54115448E+03 -.54115448E+03 1.0000
271 5 -.54122714E+03 -.54122714E+03 1.0000
272 5 -.54147948E+03 -.54147948E+03 1.0000
273 5 -.54117214E+03 -.54117214E+03 1.0000
274 5 -.54110088E+03 -.54110088E+03 1.0000
275 5 -.54135097E+03 -.54135097E+03 1.0000
276 5 -.54129693E+03 -.54129693E+03 1.0000
277 5 -.54122816E+03 -.54122816E+03 1.0000
278 5 -.54116225E+03 -.54116225E+03 1.0000
279 5 -.54104831E+03 -.54104831E+03 1.0000
280 5 -.54120129E+03 -.54120129E+03 1.0000
281 5 -.54180891E+03 -.54180891E+03 1.0000
282 5 -.54160817E+03 -.54160817E+03 1.0000
283 5 -.54162781E+03 -.54162781E+03 1.0000
284 5 -.54148348E+03 -.54148348E+03 1.0000
285 5 -.54162023E+03 -.54162023E+03 1.0000
286 5 -.54169463E+03 -.54169463E+03 1.0000
287 5 -.54161567E+03 -.54161567E+03 1.0000
288 5 -.54155030E+03 -.54155030E+03 1.0000
289 5 -.54158262E+03 -.54158262E+03 1.0000
290 5 -.54106296E+03 -.54106296E+03 1.0000
291 5 -.54132172E+03 -.54132172E+03 1.0000
292 5 -.54093504E+03 -.54093504E+03 1.0000
293 5 -.54118937E+03 -.54118937E+03 1.0000
294 5 -.54148366E+03 -.54148366E+03 1.0000
295 5 -.54102014E+03 -.54102014E+03 1.0000
296 5 -.54128666E+03 -.54128666E+03 1.0000
297 5 -.54091325E+03 -.54091325E+03 1.0000
298 5 -.54141460E+03 -.54141460E+03 1.0000
299 5 -.54094210E+03 -.54094210E+03 1.0000
300 5 -.54099545E+03 -.54099343E+03 1.0000
301 5 -.54093810E+03 -.54093810E+03 1.0000
302 5 -.54098763E+03 -.54098763E+03 1.0000
303 5 -.54136294E+03 -.54136294E+03 1.0000
304 5 -.54126676E+03 -.54126676E+03 1.0000
305 5 -.54131802E+03 -.54131802E+03 1.0000
306 5 -.54116614E+03 -.54116614E+03 1.0000
307 5 -.54096373E+03 -.54096373E+03 1.0000
308 5 -.54144346E+03 -.54144346E+03 1.0000
309 5 -.54111723E+03 -.54111723E+03 1.0000
310 5 -.54131476E+03 -.54131476E+03 1.0000
311 5 -.54110149E+03 -.54110149E+03 1.0000
312 5 -.54099694E+03 -.54099694E+03 1.0000
313 5 -.54100370E+03 -.54100370E+03 1.0000
314 5 -.54110440E+03 -.54110440E+03 1.0000
315 5 -.54118788E+03 -.54118783E+03 1.0000
316 5 -.54107283E+03 -.54107283E+03 1.0000
317 5 -.54102723E+03 -.54102723E+03 1.0000
318 5 -.54144069E+03 -.54144069E+03 1.0000
319 5 -.54092287E+03 -.54092287E+03 1.0000
320 5 -.54085835E+03 -.54085805E+03 1.0000
321 5 -.54087459E+03 -.54087459E+03 1.0000
322 5 -.54136931E+03 -.54136931E+03 1.0000
323 5 -.54141488E+03 -.54141488E+03 1.0000
324 5 -.54146796E+03 -.54146796E+03 1.0000
325 5 -.54138181E+03 -.54138179E+03 1.0000
326 5 -.54099765E+03 -.54099765E+03 1.0000
327 5 -.54102904E+03 -.54102904E+03 1.0000
